,Cities,Country,Date,Cloudiness,Humidity,Latitude,Longtitude,Max Temperature,Windspeed
0,Butaritari,KI,1597935081,100,79,172.79,3.07,300.8,6.62
1,Torbay,CA,1597935081,75,68,-52.73,47.67,295.93,5.1
2,Punta Arenas,CL,1597934987,96,75,-70.92,-53.15,279.15,13.4
3,Yeppoon,AU,1597935081,0,62,150.73,-23.13,284.15,2.1
4,Skjervøy,NO,1597935082,75,66,20.97,70.03,284.15,2.1
5,Dikson,RU,1597935082,0,74,80.55,73.51,281.59,7.9
6,Albany,US,1597935082,11,60,-73.97,42.6,294.26,0.43
7,Caravelas,BR,1597935082,0,57,-39.25,-17.71,300.6,3.66
8,Hermanus,ZA,1597935062,100,88,19.23,-34.42,288.15,0.89
9,Maumere,ID,1597935082,36,79,122.21,-8.62,297.47,0.81
10,Llangefni,GB,1597935083,40,72,-4.31,53.26,293.15,12.9
11,Mataura,NZ,1597935083,100,97,168.86,-46.19,279.82,0.45
12,Port Alfred,ZA,1597935083,59,62,26.89,-33.59,290.88,10.23
13,Kavaratti,IN,1597935083,100,79,72.64,10.57,301.28,5.73
14,Kaitangata,NZ,1597935083,100,91,169.85,-46.28,282.04,0.45
15,East London,ZA,1597935083,31,48,27.91,-33.02,292.15,6.2
16,Ilhabela,BR,1597935083,100,74,-45.36,-23.78,293.39,1.56
17,Necochea,AR,1597935083,0,54,-58.74,-38.55,282.59,6.71
18,Rikitea,PF,1597935084,90,87,-134.97,-23.12,293.07,11.91
19,Alofi,NU,1597935084,60,94,-169.92,-19.06,297.15,1.0
20,Cradock,ZA,1597935084,32,29,25.62,-32.16,288.73,5.75
21,Verkhnyaya Inta,RU,1597935084,0,61,60.31,65.98,291.19,5.91
22,Yellowknife,CA,1597934701,75,76,-114.35,62.46,282.15,6.7
23,São João da Barra,BR,1597935084,90,73,-41.05,-21.64,298.15,5.1
24,Busselton,AU,1597935084,25,76,115.33,-33.65,280.93,2.0
25,Jamestown,US,1597935084,1,67,-79.24,42.1,293.71,2.6
26,Batticaloa,LK,1597935084,92,79,81.69,7.71,301.54,3.19
27,Hirara,JP,1597935085,0,79,125.28,24.8,302.64,4.88
28,São Félix do Xingu,BR,1597935085,0,17,-51.99,-6.64,310.64,2.84
29,Bredasdorp,ZA,1597935085,100,68,20.04,-34.53,291.15,4.1
30,Mount Gambier,AU,1597934991,75,93,140.77,-37.83,280.15,8.7
31,Cape Town,ZA,1597934728,75,93,18.42,-33.93,290.37,2.6
32,Bahía Blanca,AR,1597934996,0,44,-62.27,-38.72,282.89,7.62
33,Kedrovyy,RU,1597935085,0,87,91.82,56.17,287.15,1.0
34,Tessalit,ML,1597935085,0,8,1.01,20.2,314.65,9.32
35,Tigzirt,DZ,1597935085,0,49,4.12,36.89,304.65,1.64
36,Samarai,PG,1597935086,0,77,150.67,-10.62,297.15,2.57
37,Eyl,SO,1597935086,65,70,49.82,7.98,299.88,11.37
38,Souillac,MU,1597935086,75,64,57.52,-20.52,296.15,5.1
39,Puerto Ayora,EC,1597935086,99,93,-90.35,-0.74,292.04,1.79
40,Campana,AR,1597935086,0,50,-58.96,-34.17,283.71,2.68
41,Codrington,AU,1597935086,99,83,141.97,-38.27,280.95,7.19
42,Gonder,ET,1597935086,27,89,37.47,12.6,291.26,2.93
43,Severo-Yeniseyskiy,RU,1597935086,0,95,93.04,60.37,284.25,2.77
44,New Norfolk,AU,1597935087,36,87,147.06,-42.78,278.15,1.79
45,Berëzovka,BY,1597935087,100,82,25.5,53.72,293.94,2.0
46,Qaanaaq,GL,1597935087,100,83,-69.36,77.48,281.43,5.73
47,San Patricio,MX,1597935087,75,83,-104.7,19.22,300.15,4.1
48,Arraial do Cabo,BR,1597935087,75,83,-42.03,-22.97,296.15,5.7
49,Saint-François,FR,1597935087,14,22,3.91,46.42,310.93,4.6
50,Vuktyl,RU,1597935087,0,63,57.31,63.86,290.93,4.54
51,Saskylakh,RU,1597935087,88,62,114.08,71.92,279.62,3.63
52,Barrow,US,1597935087,90,93,-156.79,71.29,277.15,2.6
53,Russell,US,1597935088,20,74,-85.2,32.35,299.26,1.5
54,Bluff,NZ,1597935088,100,97,168.33,-46.6,279.82,0.45
55,Rocha,UY,1597935088,40,61,-54.33,-34.48,282.25,6.97
56,Hasaki,JP,1597935088,20,94,140.83,35.73,298.15,2.6
57,Nouadhibou,MR,1597935088,0,54,-17.03,20.93,302.15,5.1
58,Syamzha,RU,1597935088,67,62,41.06,60.02,290.25,1.23
59,Ushuaia,AR,1597935088,75,86,-68.3,-54.8,277.15,7.2
60,La Ronge,CA,1597935089,20,82,-105.28,55.1,291.15,2.1
61,Venice,US,1597935089,20,66,-82.45,27.1,304.26,3.6
62,Pedernales,DO,1597935089,100,52,-71.74,18.04,304.32,0.9
63,Campos Gerais,BR,1597935089,7,34,-45.76,-21.23,302.33,2.3
64,Moose Factory,CA,1597935089,1,72,-80.61,51.26,290.15,1.0
65,Chui,UY,1597935063,44,54,-53.46,-33.7,282.81,6.27
66,Santa Maria,BR,1597935089,75,57,-53.81,-29.68,283.15,3.6
67,Naze,JP,1597935090,8,88,129.48,28.37,300.15,1.0
68,Bengkulu,ID,1597935090,87,84,102.27,-3.8,298.95,1.56
69,Geráki,GR,1597935090,20,55,22.7,37.0,304.26,6.2
70,George Town,MY,1597935090,20,74,100.34,5.41,303.15,2.1
71,Falkenberg,SE,1597935090,20,68,12.49,56.91,295.15,5.7
72,Isangel,VU,1597935090,1,84,169.27,-19.55,294.48,2.37
73,Kapaa,US,1597935090,40,78,-159.32,22.08,299.15,6.7
74,Saldanha,ZA,1597935090,99,77,17.94,-33.01,290.15,3.1
75,Keetmanshoop,NA,1597935090,0,9,18.13,-26.58,295.15,1.5
76,Vetlanda,SE,1597935090,100,60,15.08,57.43,296.15,3.6
77,La Palma,US,1597935091,1,88,-118.05,33.85,297.04,1.0
78,Nelson Bay,AU,1597935091,0,71,152.15,-32.72,284.26,5.7
79,Walvis Bay,NA,1597935091,0,10,14.51,-22.96,300.15,7.2
80,Lebanon,US,1597934992,1,73,-86.29,36.21,298.15,1.72
81,Norman Wells,CA,1597935091,20,87,-126.83,65.28,282.15,4.6
82,Alenquer,BR,1597935092,20,70,-54.74,-1.94,304.15,5.7
83,LaBelle,US,1597935092,20,66,-81.44,26.76,305.15,3.1
84,Svetlaya,RU,1597935092,59,66,138.33,46.54,288.02,3.76
85,Airai,TL,1597935092,92,76,125.41,-8.93,286.98,0.92
86,Vaini,TO,1597935092,40,100,-175.2,-21.2,292.15,1.0
87,Mar del Plata,AR,1597934953,0,57,-57.56,-38.0,282.59,5.7
88,Chokurdakh,RU,1597935093,99,92,147.92,70.63,275.86,2.2
89,Boulder,US,1597934848,1,52,-105.35,40.08,296.48,1.5
90,Sarakhs,IR,1597935093,0,15,61.16,36.54,309.15,2.1
91,Inta,RU,1597935093,0,60,60.17,66.03,291.44,6.33
92,Seydi,TM,1597935093,0,16,62.91,39.48,302.43,4.64
93,Taoudenni,ML,1597934799,0,7,-3.98,22.68,319.35,9.12
94,Rincon,US,1597934952,20,74,-81.24,32.3,302.59,1.69
95,Port Elizabeth,ZA,1597935093,20,67,25.57,-33.92,290.15,9.3
96,Upernavik,GL,1597935094,7,66,-56.15,72.79,281.67,5.64
97,Kudahuvadhoo,MV,1597935094,98,63,72.89,2.67,301.84,1.23
98,Hithadhoo,MV,1597935094,100,69,73.08,-0.6,302.27,3.02
99,Lodja,CD,1597935094,98,43,23.43,-3.48,305.87,1.26
100,Balakhta,RU,1597935094,0,74,91.6,55.38,287.46,0.42
101,Sumbe,AO,1597935094,19,78,13.84,-11.21,296.21,3.68
102,Port Moresby,PG,1597935094,11,90,147.18,-9.44,295.82,1.92
103,Neiafu,TO,1597935094,20,94,-173.98,-18.65,298.15,3.03
104,Golden,US,1597935095,3,59,-105.22,39.76,295.93,1.34
105,Tlaxco,MX,1597935095,75,87,-98.12,19.62,288.15,1.15
106,Christchurch,NZ,1597934856,90,100,172.63,-43.53,280.37,2.6
107,Monrovia,LR,1597935095,75,78,-10.8,6.3,300.15,5.7
108,Egvekinot,RU,1597935095,53,91,-179.17,66.32,279.98,1.98
109,Havelock,US,1597935095,75,94,-76.9,34.88,298.71,2.01
110,Bereda,ES,1597935095,83,44,-7.54,43.27,297.59,8.05
111,Kavieng,PG,1597935096,25,78,150.8,-2.57,300.98,4.44
112,Udachny,RU,1597935096,6,65,112.4,66.42,281.15,3.0
113,Tasiilaq,GL,1597935096,20,61,-37.64,65.61,282.15,5.1
114,Dakar,SN,1597934526,40,62,-17.44,14.69,305.15,3.1
115,Muskegon,US,1597935096,1,64,-86.13,43.3,297.15,4.6
116,Khatanga,RU,1597935096,0,62,102.5,71.97,281.86,5.08
117,Panabá,MX,1597935096,99,76,-88.27,21.28,300.95,3.03
118,Goderich,CA,1597935096,11,70,-81.72,43.75,295.93,8.92
119,Linjiang,CN,1597935097,100,87,126.91,41.81,291.03,0.72
120,Youghal,IE,1597935097,75,82,-7.85,51.95,292.59,7.7
121,Olafsvik,IS,1597935097,0,63,-23.71,64.89,284.25,5.21
122,Mildura,AU,1597935097,2,76,142.15,-34.2,283.15,4.6
123,Adré,TD,1597935097,82,61,22.2,13.47,301.19,4.0
124,Kuching,MY,1597935046,20,88,110.33,1.55,300.15,1.0
125,Tiksi,RU,1597935097,100,89,128.87,71.69,277.3,3.73
126,Bethel,US,1597935097,1,56,-73.41,41.37,295.37,2.6
127,Jasper,US,1597934876,1,60,-94.35,37.2,296.48,3.1
128,Lebu,CL,1597934884,0,61,-73.65,-37.62,283.56,7.6
129,Saint Paul Harbor,US,1597935098,1,71,-152.41,57.79,287.15,5.1
130,Mehamn,NO,1597935098,75,71,27.85,71.04,284.15,1.0
131,Soyo,AO,1597935098,75,74,12.37,-6.13,299.15,4.1
132,Talnakh,RU,1597935098,49,72,88.4,69.49,291.15,6.0
133,Bambous Virieux,MU,1597935098,75,64,57.76,-20.34,296.15,5.1
134,Vilyuysk,RU,1597935098,0,75,121.62,63.76,280.85,1.5
135,Jumla,NP,1597935098,100,67,82.18,29.27,290.06,0.93
136,Tuktoyaktuk,CA,1597935099,75,93,-133.04,69.45,280.15,6.7
137,Susaki,JP,1597935099,83,77,133.28,33.37,299.87,1.62
138,Tiarei,PF,1597935099,75,78,-149.33,-17.53,298.15,3.1
139,Fairbanks,US,1597935099,90,93,-147.72,64.84,286.48,0.27
140,Cabo San Lucas,MX,1597935033,90,88,-109.91,22.89,297.15,10.3
141,Poum,NC,1597935099,47,71,164.02,-20.23,295.11,4.08
142,Emba,KZ,1597935100,18,41,58.14,48.83,292.67,4.18
143,Mossamedes,AO,1597935100,20,69,12.15,-15.2,297.15,5.1
144,Washougal,US,1597935100,1,77,-122.35,45.58,292.59,1.5
145,Bowen,AU,1597935100,0,93,148.23,-20.02,286.15,3.81
146,Mahébourg,MU,1597935100,75,64,57.7,-20.41,296.15,5.1
147,Semporna,MY,1597934856,20,88,118.61,4.48,298.15,1.0
148,Smithers,CA,1597935100,90,100,-127.17,54.78,284.15,1.0
149,Gorin,RU,1597935100,0,59,136.67,51.2,287.0,3.74
150,Petropavlovsk-Kamchatskiy,RU,1597935101,75,100,158.65,53.05,282.15,2.0
151,Deer Lake,CA,1597935101,40,72,-57.43,49.17,293.15,2.6
152,Puerto Escondido,MX,1597934882,40,74,-97.07,15.85,299.15,4.1
153,Sharan,RU,1597935101,93,79,54.0,54.82,286.73,4.89
154,Salalah,OM,1597935101,90,88,54.09,17.02,300.15,3.1
155,Puebla,MX,1597934983,75,87,-98.0,18.83,294.26,1.06
156,Esim,GH,1597935101,39,76,-2.24,4.87,299.48,5.65
157,Terrace,CA,1597935001,90,93,-128.6,54.52,286.15,2.6
158,Andenes,NO,1597935101,75,71,16.12,69.31,283.15,2.6
159,Kumul,CN,1597935101,0,25,93.45,42.8,301.36,1.98
160,Ribeira Grande,PT,1597935102,75,94,-28.7,38.52,296.15,8.2
161,Atuona,PF,1597935102,47,77,-139.03,-9.8,299.04,7.12
162,Nabire,ID,1597935102,6,87,135.48,-3.37,297.75,1.52
163,Malbork,PL,1597935102,20,60,19.03,54.04,298.71,4.1
164,Clyde River,CA,1597935102,89,74,-68.59,70.47,282.89,1.21
165,Road Town,VG,1597935102,40,70,-64.62,18.42,303.15,5.1
166,Westport,US,1597935102,1,53,-73.36,41.14,296.48,3.1
167,Hobart,AU,1597935006,28,79,147.33,-42.88,279.15,5.1
168,Ponta do Sol,PT,1597935102,0,63,-17.1,32.67,299.26,3.12
169,Cidreira,BR,1597935103,83,64,-50.21,-30.18,284.41,7.1
170,Cherskiy,RU,1597935103,5,91,161.3,68.75,274.09,2.51
171,Cockburn Town,TC,1597935103,8,80,-71.14,21.46,301.65,8.57
172,Elk City,US,1597935103,40,60,-99.4,35.41,296.15,3.1
173,Saint-Augustin,CA,1597935103,32,60,-58.65,51.23,292.88,8.13
174,Port Lincoln,AU,1597935103,71,73,135.87,-34.73,285.05,10.06
175,Mugan,CN,1597935103,45,58,101.38,35.94,289.2,2.88
176,Nikolskoye,RU,1597935104,0,43,30.79,59.7,296.48,2.0
177,Te Anau,NZ,1597935104,100,90,167.72,-45.42,279.79,0.55
178,Kencong,ID,1597935104,4,92,113.37,-8.28,296.45,1.52
179,Mumbwa,ZM,1597935104,82,23,27.06,-14.98,302.08,3.29
180,Hong Kong,HK,1597934876,72,79,114.16,22.29,302.04,3.58
181,Chernyakhovsk,RU,1597935104,78,74,21.82,54.63,295.56,2.49
182,San Quintín,MX,1597935104,0,73,-115.95,30.48,296.8,1.11
183,Kirakira,SB,1597935104,1,79,161.92,-10.45,299.63,0.55
184,Praia,CV,1597935105,20,55,-23.51,14.92,303.15,6.2
185,‘Ewa Beach,US,1597935105,75,78,-158.01,21.32,299.15,1.5
186,Pisco,PE,1597935105,90,82,-76.22,-13.7,290.37,2.03
187,Hilo,US,1597935001,90,88,-155.09,19.73,296.15,1.5
188,Cibitoke Province,BI,1597935105,40,51,29.25,-2.88,303.15,12.3
189,Saint-Philippe,RE,1597935105,20,69,55.77,-21.36,296.15,1.0
190,Sarīla,IN,1597935105,95,69,79.68,25.77,303.66,5.82
191,Vardø,NO,1597935105,75,87,31.11,70.37,283.15,6.7
192,Tual,ID,1597935105,56,83,132.75,-5.67,299.58,6.84
193,Kabarnet,KE,1597935106,40,72,35.74,0.49,292.15,1.5
194,Nova Olímpia,BR,1597935106,94,55,-57.29,-14.8,299.38,4.54
195,Songyuan,CN,1597935106,3,72,124.86,45.12,286.03,2.11
196,Verkhovazh'ye,RU,1597935106,92,61,42.05,60.75,289.34,1.24
197,Ati,TD,1597935106,99,52,18.34,13.22,304.14,2.15
198,Miyako,JP,1597935106,0,75,141.95,39.64,295.91,1.98
199,Namatanai,PG,1597935107,8,84,152.43,-3.67,299.0,3.02
200,Lengshuitan,CN,1597935107,100,84,111.6,26.41,298.19,1.45
201,Esperance,AU,1597935107,75,100,121.9,-33.87,283.15,1.5
202,Havøysund,NO,1597935108,40,58,24.66,71.0,285.15,1.0
203,Narsaq,GL,1597935108,5,54,-46.05,60.92,287.15,1.5
204,Avarua,CK,1597934936,99,94,-159.78,-21.21,296.15,10.8
205,Ballina,AU,1597935108,0,58,153.57,-28.87,287.15,4.1
206,Dindori,IN,1597935108,93,91,81.08,22.95,296.38,4.04
207,Geraldton,AU,1597935108,96,93,114.6,-28.77,284.15,2.6
208,Arman',RU,1597935108,57,82,150.17,59.7,283.5,4.41
209,Khovd,MN,1597934813,10,69,91.64,48.01,288.16,2.97
210,Xuchang,CN,1597935108,75,88,113.82,34.02,295.15,5.0
211,Adrar,MR,1597935109,7,19,-10.07,20.5,312.95,2.66
212,São Filipe,CV,1597935109,35,80,-24.5,14.9,298.45,5.01
213,Ushtobe,KZ,1597935109,24,26,77.98,45.25,296.98,2.14
214,Kununurra,AU,1597935109,91,25,128.73,-15.77,294.15,2.33
215,Grand Gaube,MU,1597935109,76,66,57.66,-20.01,295.93,2.24
216,Sobolevo,RU,1597935109,97,86,31.9,54.43,290.55,4.02
217,Jacareacanga,BR,1597935109,48,55,-57.75,-6.22,306.15,2.1
218,Humaitá,BR,1597935110,0,28,-63.02,-7.51,312.58,1.12
219,Meulaboh,ID,1597935110,97,76,96.13,4.14,300.77,1.13
220,Mokobeng,BW,1597935110,0,45,27.67,-23.0,293.34,4.6
221,Radviliškis,LT,1597935110,40,60,23.53,55.82,297.15,1.5
222,Chuka,KE,1597935110,100,55,37.65,-0.33,295.46,1.43
223,Shingū,JP,1597935111,7,82,135.98,33.73,298.42,1.51
224,Zambezi,ZM,1597935111,60,15,23.1,-13.54,306.22,2.06
225,Coyhaique,CL,1597935111,71,70,-72.07,-45.58,279.15,4.1
226,Byron Bay,AU,1597934590,0,58,153.62,-28.65,287.15,4.1
227,Carnarvon,AU,1597935111,90,72,113.63,-24.87,292.15,4.6
228,Marawi,PH,1597935111,97,94,124.29,8.0,296.48,3.13
229,Tegul'det,RU,1597935111,31,84,88.17,57.31,286.85,3.67
230,Boden,SE,1597935112,20,88,21.69,65.83,291.15,2.1
231,Osoyoos,CA,1597935092,100,79,-119.45,49.03,292.59,1.23
232,Ukiah,US,1597934837,1,71,-123.21,39.15,285.93,0.76
233,Shelburne,CA,1597934853,20,64,-80.2,44.08,293.71,2.6
234,Esil,KZ,1597935112,100,72,66.4,51.96,286.86,6.02
235,Sabha,LY,1597935112,0,9,14.43,27.04,315.35,8.6
236,Auki,SB,1597935112,2,84,160.7,-8.77,298.46,1.49
237,Manacapuru,BR,1597935112,22,52,-60.62,-3.3,306.15,3.6
238,Senno,RU,1597935113,28,50,33.92,59.53,294.1,0.99
239,Lüderitz,NA,1597935113,0,28,15.16,-26.65,292.84,10.55
240,Ajdabiya,LY,1597935113,0,50,20.23,30.76,303.71,10.8
241,Mirpur Mathelo,PK,1597935113,100,35,69.55,28.02,312.1,6.31
242,Halifax,CA,1597935090,0,56,-63.57,44.65,295.93,0.45
243,Padang,ID,1597934861,98,75,100.35,-0.95,300.32,1.64
244,Sept-Îles,CA,1597935114,75,63,-66.38,50.2,289.82,7.2
245,Sauk Rapids,US,1597935114,1,88,-94.17,45.59,293.71,2.1
246,Sambava,MG,1597935114,100,85,50.17,-14.27,295.53,5.75
247,Alta Floresta,BR,1597935064,0,15,-56.09,-9.88,312.59,2.06
248,Dalby,AU,1597935114,1,67,151.27,-27.18,280.37,3.69
249,Voloshka,RU,1597935115,10,73,40.09,61.33,291.08,1.53
250,Iralaya,HN,1597935115,75,74,-83.23,15.0,303.15,3.12
251,Leningradskiy,RU,1597935115,100,71,178.42,69.38,282.53,1.4
252,Constitución,CL,1597935115,0,43,-72.42,-35.33,284.79,0.59
253,Paracuru,BR,1597935069,88,70,-39.03,-3.41,300.37,9.83
254,Pochutla,MX,1597935115,20,78,-96.47,15.74,301.48,1.75
255,Teknāf,BD,1597935115,100,88,92.31,20.86,299.75,5.8
256,Hermosillo,MX,1597934634,40,58,-110.97,29.07,304.15,3.1
257,Chato,TZ,1597935116,91,49,31.77,-2.64,299.72,3.51
258,San Jose,US,1597935021,40,77,-121.89,37.34,291.48,3.6
259,Zeitz,DE,1597935116,25,35,12.15,51.05,304.82,3.19
260,Pogranichnyy,RU,1597935116,100,71,131.38,44.41,286.46,1.21
261,Santa Fe,AR,1597934940,0,39,-60.7,-31.63,286.48,0.45
262,Faanui,PF,1597935116,0,78,-151.75,-16.48,298.46,10.6
263,Acapulco de Juárez,MX,1597934988,75,88,-99.89,16.86,299.15,0.73
264,Marsh Harbour,BS,1597935116,41,72,-77.06,26.54,302.75,4.8
265,Worthing,GB,1597935116,20,73,-0.37,50.81,295.93,2.6
266,Bulawayo,ZW,1597935116,70,64,28.58,-20.15,290.29,5.48
267,Ambilobe,MG,1597935117,85,67,49.05,-13.2,297.83,1.53
268,Grindavik,IS,1597935117,75,66,-22.43,63.84,285.15,5.7
269,Olinda,BR,1597934897,40,65,-34.86,-8.01,301.15,6.7
270,Dédougou,BF,1597935117,46,57,-3.47,12.47,304.36,2.7
271,Morón,AR,1597934962,0,61,-58.62,-34.65,283.71,4.1
272,Provideniya,RU,1597935117,12,73,-173.3,64.38,283.01,2.1
273,Yar-Sale,RU,1597935117,27,88,70.83,66.83,286.93,2.69
274,Tutóia,BR,1597935118,86,54,-42.27,-2.76,303.91,6.69
275,São Domingos do Maranhão,BR,1597935118,0,24,-44.39,-5.58,309.84,2.38
276,Gorontalo,ID,1597935118,92,87,123.06,0.54,297.5,1.01
277,Portugalete,ES,1597935118,87,61,-3.02,43.32,308.71,5.1
278,Salta,AR,1597935118,21,44,-65.41,-24.79,278.15,5.1
279,Province of Mantua,IT,1597935118,0,51,10.78,45.17,306.48,1.34
280,Divnoye,RU,1597935118,70,21,43.35,45.91,305.32,4.07
281,El Alto,PE,1597935119,75,72,-81.21,-4.27,291.15,10.8
282,Kushiro,JP,1597935119,100,94,144.37,42.98,289.33,1.15
283,Santiago,CL,1597934415,0,46,-70.65,-33.46,288.15,0.57
284,Hofn,IS,1597935119,20,44,-15.21,64.25,288.15,9.3
285,Buraidah,SA,1597935119,0,15,43.98,26.33,315.15,4.1
286,Camaná,PE,1597935119,83,67,-72.71,-16.62,290.58,5.16
287,Tuatapere,NZ,1597935119,100,97,167.68,-46.13,279.82,0.45
288,Julfa,AZ,1597935119,0,19,45.63,38.96,309.15,5.1
289,Correntina,BR,1597935120,25,17,-44.64,-13.34,308.16,2.01
290,Port Macquarie,AU,1597935120,0,80,152.92,-31.43,281.48,4.15
291,Mēga,ET,1597935120,45,57,38.3,4.05,293.94,7.47
292,Morehead,US,1597935120,1,68,-87.18,37.27,296.15,1.5
293,Khartoum,SD,1597934821,20,32,32.53,15.55,310.37,5.7
294,Gmina Strzelin,PL,1597935120,84,39,17.06,50.78,302.59,3.1
295,Odienné,CI,1597935120,42,73,-7.57,9.51,301.65,1.41
296,Vrangel',RU,1597935121,100,64,133.08,42.73,291.0,2.1
297,The Valley,AI,1597935121,40,70,-63.06,18.22,304.15,6.7
298,Richards Bay,ZA,1597935121,0,59,32.04,-28.78,292.25,6.12
299,Colombia,CU,1597935121,20,94,-77.43,20.99,301.15,4.1
300,Encruzilhada do Sul,BR,1597935122,0,57,-52.52,-30.54,280.95,3.87
301,Saint Anthony,US,1597935122,1,68,-93.22,45.02,297.04,3.6
302,Ugoofaaru,MV,1597935122,100,68,73.0,5.67,301.82,2.05
303,Nchelenge,ZM,1597935122,83,33,28.73,-9.35,302.04,3.38
304,Mitsamiouli,KM,1597935122,40,74,43.28,-11.38,300.15,2.6
305,Chokwé,MZ,1597935123,64,53,32.98,-24.53,295.17,2.49
306,Okha,RU,1597935123,2,75,142.95,53.57,286.58,7.44
307,La Roche-sur-Yon,FR,1597935123,98,57,-1.43,46.67,300.15,2.1
308,Gobabis,NA,1597935092,0,15,18.97,-22.45,293.74,3.67
309,Orlik,RU,1597935123,100,43,99.83,52.52,285.96,0.77
310,Katobu,ID,1597935123,0,86,122.53,-4.94,295.68,1.79
311,Jalu,LY,1597935123,0,16,21.55,29.03,310.7,5.62
312,Rawson,AR,1597935124,0,39,-65.1,-43.3,286.46,7.96
313,Port Blair,IN,1597935008,10,79,92.75,11.67,301.17,4.54
314,Harper,LR,1597935124,60,75,-7.72,4.38,299.58,5.7
315,Cairns,AU,1597934991,0,88,145.77,-16.92,290.37,1.75
316,Labuan,MY,1597934999,20,88,115.24,5.28,300.15,1.29
317,Ketchikan,US,1597935124,90,100,-131.65,55.34,290.15,1.5
318,Kloulklubed,PW,1597935124,31,72,134.26,7.04,301.89,2.61
319,Marfino,RU,1597935124,82,52,37.38,55.7,293.15,1.0
320,Flin Flon,CA,1597935124,75,93,-101.86,54.77,291.15,3.1
321,Lorengau,PG,1597935125,59,75,147.27,-2.02,300.98,3.95
322,Vestmanna,FO,1597935125,100,82,-7.17,62.16,288.15,12.9
323,Talara,PE,1597935125,75,72,-81.27,-4.58,291.15,10.8
324,Avera,US,1597935125,1,83,-82.53,33.19,300.15,2.1
325,Mujiayingzi,CN,1597935125,0,61,118.78,42.12,286.4,0.38
326,Sitka,US,1597935125,75,82,-135.33,57.05,287.15,4.1
327,Nanortalik,GL,1597935125,0,64,-45.24,60.14,282.07,4.94
328,Cayenne,GF,1597935125,20,62,-52.33,4.93,304.15,2.6
329,Presidencia Roque Sáenz Peña,AR,1597935125,0,36,-60.44,-26.79,285.65,5.46
330,Kerema,PG,1597935126,57,86,145.78,-7.96,297.36,1.93
331,Broome,US,1597935126,1,63,-75.83,42.25,292.59,2.1
332,Qaqortoq,GL,1597935126,5,54,-46.03,60.72,287.15,1.5
333,Pangnirtung,CA,1597935126,75,75,-65.71,66.15,281.15,1.53
334,Lityn,UA,1597934837,40,33,28.08,49.33,303.15,3.0
335,Barra de Tecoanapa,MX,1597935126,99,75,-98.75,16.52,300.77,0.84
336,Valleyview,CA,1597935080,100,67,-117.29,55.07,288.12,2.45
337,Loíza,PR,1597935126,40,62,-65.88,18.43,304.26,7.7
338,Longyearbyen,SJ,1597935127,75,81,15.64,78.22,280.15,3.1
339,Husavik,IS,1597935127,75,50,-17.34,66.04,286.15,7.2
340,Monte Alegre,BR,1597935127,21,43,-54.07,-2.01,306.36,3.12
341,Phuntsholing,BT,1597935127,97,75,89.39,26.85,298.17,0.96
342,Pevek,RU,1597935127,100,92,170.31,69.7,275.91,5.06
343,Sai Buri,TH,1597935127,79,82,101.62,6.7,300.14,2.82
344,Ilulissat,GL,1597935127,20,61,-51.1,69.22,281.15,2.1
345,Bandarbeyla,SO,1597935127,0,70,50.81,9.49,300.08,13.74
346,Tupik,RU,1597935127,100,84,119.93,54.43,284.66,2.11
347,Beloit,US,1597935128,75,77,-89.03,42.51,294.82,2.6
348,Buala,SB,1597935128,21,75,159.59,-8.14,300.26,1.1
349,Lichinga,MZ,1597935128,75,60,35.24,-13.31,294.15,5.7
350,Sabang,ID,1597935128,96,73,95.32,5.89,301.89,2.34
351,Umluj,SA,1597935128,10,53,37.27,25.02,306.5,3.17
352,Itarema,BR,1597935128,38,51,-39.92,-2.92,304.02,8.28
353,Nakamura,JP,1597935129,26,85,132.93,32.98,298.63,0.99
354,Nagapattinam,IN,1597935129,100,77,79.83,10.77,301.66,6.2
355,Kharitonovo,RU,1597935129,100,67,47.5,61.4,287.61,3.32
356,Ibrā’,OM,1597935129,28,20,58.53,22.69,314.14,3.6
357,Kaeo,NZ,1597935129,0,3,173.78,-35.1,284.82,1.34
358,Bahía Honda,CU,1597935129,90,73,-83.16,22.9,302.42,1.95
359,Alice Springs,AU,1597935129,0,32,133.88,-23.7,284.15,1.0
360,Eureka,US,1597934831,0,100,-124.16,40.8,285.37,0.75
361,Viedma,AR,1597934842,18,48,-63.0,-40.81,284.26,3.13
362,Nokha,IN,1597935130,100,66,73.42,27.6,302.59,3.86
363,Klaksvík,FO,1597935130,100,82,-6.59,62.23,288.15,12.9
364,Severo-Kuril'sk,RU,1597935130,13,83,156.12,50.68,282.73,5.68
365,Chilliwack,CA,1597935130,90,100,-121.94,49.17,291.15,1.04
366,Mawlaik,MM,1597935123,100,93,94.42,23.63,298.06,0.23
367,Ucluelet,CA,1597935071,90,100,-125.55,48.93,288.71,3.6
368,Banda Aceh,ID,1597935130,96,78,95.32,5.56,300.76,2.26
369,Lompoc,US,1597934848,90,87,-120.46,34.64,289.15,1.61
370,Bollnäs,SE,1597934907,94,50,16.39,61.35,296.69,3.15
371,Chifeng,CN,1597935131,0,58,118.96,42.27,286.88,0.8
372,Preobrazheniye,RU,1597935131,100,63,133.91,42.9,290.58,2.01
373,Utraula,IN,1597935131,96,85,82.42,27.32,300.28,5.67
374,Caernarfon,GB,1597935131,40,68,-4.27,53.14,293.15,13.4
375,Castro,BR,1597935131,100,95,-50.01,-24.79,284.53,1.81
376,Tsumeb,NA,1597935131,0,11,17.72,-19.23,298.11,3.9
377,Kiunga,PG,1597935131,38,97,141.29,-6.12,296.1,0.95
378,Saint-Louis,SN,1597935131,29,35,-15.0,16.33,310.43,3.28
379,Lavrentiya,RU,1597935131,0,84,-171.0,65.58,281.4,1.42
380,Massaguet,TD,1597935132,20,78,15.44,12.48,299.15,3.1
381,Wildwood,US,1597935014,1,82,-90.66,38.58,296.48,1.46
382,Bayevo,RU,1597935132,100,46,80.77,53.28,287.86,2.05
383,Noumea,NC,1597935132,90,94,166.46,-22.28,295.93,1.0
384,Departamento de Maldonado,UY,1597935132,75,66,-54.92,-34.67,282.15,6.7
385,Lincoln,US,1597934760,1,68,-96.67,40.8,295.93,5.1
386,Teya,RU,1597935132,0,90,92.63,60.38,285.76,2.38
387,Aksarka,RU,1597935133,88,86,67.8,66.56,287.75,4.86
388,Beasain,ES,1597935133,28,24,-2.2,43.05,307.59,2.24
389,Kayerkan,RU,1597935133,73,72,87.76,69.35,291.15,6.0
390,Barcelos,PT,1597934894,20,73,-8.62,41.54,297.04,3.1
391,Seabra,BR,1597935133,0,28,-41.77,-12.42,302.46,2.68
392,Honningsvåg,NO,1597935133,99,71,25.97,70.98,283.53,0.65
393,Luxor,EG,1597935133,0,20,32.64,25.7,312.15,4.6
394,Ozernovskiy,RU,1597935133,11,87,156.52,51.5,282.38,5.46
395,Norsup,VU,1597935134,32,86,167.38,-16.07,298.32,2.77
396,Chaoyang,CN,1597935134,100,57,120.46,41.57,288.46,2.05
397,Kalmunai,LK,1597935134,95,69,81.82,7.42,302.32,4.53
398,Umeå,SE,1597935134,40,77,20.26,63.83,294.15,6.7
399,Klyuchi,RU,1597935134,99,40,79.17,52.27,289.93,1.46
400,Dunedin,NZ,1597935020,100,89,170.5,-45.87,282.04,0.45
401,Labuhan,ID,1597935135,1,77,112.21,-6.88,299.13,4.81
402,Campbell River,CA,1597935007,75,93,-125.24,50.02,289.82,3.1
403,Darapidap,PH,1597935135,93,80,120.41,17.21,299.06,1.86
404,High Rock,BS,1597935135,75,89,-78.28,26.62,302.15,3.6
405,Rabat,MA,1597935135,40,69,-6.84,33.99,302.04,4.1
406,Katsuura,JP,1597935135,0,87,140.3,35.13,300.93,3.66
407,Hualmay,PE,1597935135,51,64,-77.61,-11.1,291.66,4.44
408,Half Moon Bay,US,1597934955,90,93,-122.43,37.46,289.26,2.1
409,Sanandij,IR,1597935135,0,7,46.99,35.31,310.15,2.1
410,Kahului,US,1597935136,75,74,-156.47,20.89,299.15,5.7
411,Waddān,LY,1597935136,0,15,16.14,29.16,312.02,8.23
412,Antofagasta,CL,1597934909,20,54,-70.4,-23.65,286.15,3.6
413,Pacific Grove,US,1597935136,90,82,-121.92,36.62,289.15,3.1
414,Mīnāb,IR,1597935136,58,50,57.08,27.15,310.15,3.1
415,College,US,1597935136,75,87,-147.8,64.86,286.48,0.24
416,Itoman,JP,1597935136,20,83,127.67,26.12,302.15,2.6
417,Tres Picos,MX,1597935136,56,62,-93.53,15.87,302.92,0.95
418,Verkhnevilyuysk,RU,1597935137,0,80,120.32,63.45,279.97,1.03
419,Marsá Maţrūḩ,EG,1597935137,0,69,27.25,31.35,301.15,5.1
420,Bajil,YE,1597935137,45,38,43.29,15.06,308.84,5.0
421,Fortuna,US,1597935137,0,95,-124.16,40.6,287.04,1.34
422,Vanimo,PG,1597935137,3,84,141.3,-2.67,298.95,2.04
423,Malakanagiri,IN,1597935137,100,94,81.9,18.35,296.83,3.26
424,Makakilo City,US,1597935137,75,78,-158.09,21.35,299.15,1.5
425,Hattiesburg,US,1597935138,1,88,-89.29,31.33,299.26,1.5
426,Haines Junction,CA,1597935138,94,79,-137.51,60.75,280.46,1.08
427,Hamilton,US,1597934742,20,56,-84.53,39.18,297.04,2.6
428,Chinhoyi,ZW,1597935138,99,33,30.2,-17.37,298.26,2.9
429,Coquimbo,CL,1597934885,20,81,-71.34,-29.95,284.15,2.1
430,Jutaí,BR,1597935138,0,43,-68.9,-5.18,307.62,1.58
431,Marsabit,KE,1597935138,2,50,37.99,2.33,297.31,9.34
432,Laguna,US,1597934969,90,55,-121.42,38.42,293.71,2.1
433,Alyangula,AU,1597935139,0,94,136.42,-13.85,293.15,3.75
434,Pingliang,CN,1597935139,100,88,106.69,35.54,291.68,5.14
435,Leshukonskoye,RU,1597935139,26,63,45.76,64.9,288.49,1.61
436,Jiwani,PK,1597935139,0,85,61.74,25.05,301.26,6.78
437,Maţāy,EG,1597935139,0,13,30.78,28.42,311.14,5.41
438,Nikolayevsk-on-Amur,RU,1597935139,1,79,140.73,53.14,284.18,2.78
439,Hoopstad,ZA,1597935139,0,24,25.91,-27.83,290.35,1.57
440,Qandala,SO,1597935140,17,54,49.87,11.47,304.98,0.74
441,Campos dos Goytacazes,BR,1597935140,90,73,-41.3,-21.75,298.15,5.1
442,Laas,IT,1597935140,20,60,10.7,46.62,295.15,3.6
443,Steinbach am Taunus,DE,1597935140,57,40,8.57,50.17,304.15,3.6
444,Kiryat Gat,IL,1597935140,0,53,34.76,31.61,303.71,0.89
445,Leh,IN,1597935140,97,40,77.58,34.17,290.31,4.04
446,Chlórakas,CY,1597935140,20,66,32.41,34.8,303.15,4.1
447,Katakwi,UG,1597935141,99,70,33.97,1.89,298.42,2.15
448,Port Hardy,CA,1597935141,75,93,-127.42,50.7,288.15,2.6
449,Champerico,GT,1597935141,75,69,-91.92,14.3,301.15,2.22
450,Tapejara,BR,1597935141,52,67,-52.01,-28.07,282.43,3.53
451,Tabou,CI,1597935141,38,75,-7.35,4.42,299.59,5.82
452,Cooma,AU,1597935053,75,85,149.13,-36.23,277.15,3.6
453,Aklavik,CA,1597935141,90,100,-135.01,68.22,284.15,2.1
454,Najrān,SA,1597935141,40,10,44.13,17.49,311.15,4.1
455,Pundaguitan,PH,1597935142,37,77,126.17,6.37,301.83,4.81
456,Kjøllefjord,NO,1597935142,75,71,27.35,70.95,284.15,1.0
457,Mount Isa,AU,1597935142,0,20,139.5,-20.73,291.15,4.1
458,Praia da Vitória,PT,1597935005,75,78,-27.07,38.73,296.15,5.24
459,Menongue,AO,1597935142,89,10,17.69,-14.66,304.28,2.24
460,Galle,LK,1597934966,58,82,80.22,6.04,300.17,4.31
461,Mbeya,TZ,1597935142,9,45,33.45,-8.9,294.49,4.29
462,Vostok,RU,1597935142,96,92,135.88,46.49,281.79,1.76
463,Lethem,GY,1597935142,18,58,-59.8,3.38,304.9,1.75
464,Paragominas,BR,1597934988,0,33,-47.48,-2.97,308.18,2.66
465,Los Llanos de Aridane,ES,1597935143,0,65,-17.92,28.66,299.15,2.6
466,Bako,ET,1597935143,55,73,36.57,5.78,296.1,0.86
467,Claremore,US,1597934964,1,49,-95.62,36.31,297.04,3.1
468,Matara,LK,1597935143,58,81,80.54,5.95,299.88,4.42
469,Kieta,PG,1597935143,0,75,155.63,-6.22,298.58,1.62
470,Ponta Delgada,PT,1597935143,75,69,-25.67,37.73,296.15,5.1
471,San Felipe,VE,1597935143,82,68,-68.74,10.34,302.68,1.16
472,Itaperuna,BR,1597935143,24,54,-41.89,-21.2,300.59,3.68
473,Erbaa,TR,1597935143,40,65,36.57,40.67,300.15,4.6
474,Yulara,AU,1597935144,13,34,130.99,-25.24,285.15,3.1
475,Broken Hill,AU,1597935144,90,66,141.43,-31.95,284.15,7.7
476,Guerrero Negro,MX,1597935144,86,68,-114.06,27.98,297.82,2.52
477,Vozhega,RU,1597935144,31,69,40.22,60.47,290.85,1.78
478,Beira,MZ,1597935144,90,78,34.84,-19.84,296.15,5.7
479,Kholodnyy,RU,1597935145,100,82,147.95,62.72,275.51,3.47
480,Cap Malheureux,MU,1597935145,80,66,57.61,-19.98,295.93,2.24
481,Mabaruma,GY,1597935145,41,48,-59.78,8.2,307.46,1.14
482,Touros,BR,1597935145,40,62,-35.46,-5.2,303.15,4.1
483,Bairiki Village,KI,1597935080,40,78,172.98,1.33,301.15,3.6
484,Salihorsk,BY,1597935145,100,86,27.54,52.79,292.41,3.55
485,Ust-Nera,RU,1597935145,27,79,143.2,64.57,275.97,2.86
486,General Roca,AR,1597935145,0,45,-67.58,-39.03,279.15,4.6
487,Huanren,CN,1597935146,100,90,125.37,41.26,291.32,1.41
488,Amga,RU,1597935146,13,91,131.96,60.9,279.82,1.76
489,Buchanan,LR,1597935146,75,78,-10.05,5.88,300.15,5.7
490,Mezen',RU,1597935146,0,66,44.24,65.85,287.38,2.21
491,Vysokogornyy,RU,1597935146,0,90,139.15,50.12,281.34,1.86
492,Ola,RU,1597935146,47,83,151.28,59.58,284.05,7.64
493,Amboasary,MG,1597935146,75,88,46.38,-25.03,295.15,4.1
494,Yokadouma,CM,1597935146,100,91,15.05,3.52,298.24,1.12
495,Río Esteban,HN,1597935147,20,74,-86.3,15.83,303.15,3.1
496,Khon Kaen,TH,1597935147,75,94,102.83,16.45,299.15,2.6
497,Whitehorse,CA,1597935144,75,81,-135.05,60.72,280.37,3.1
498,Mindelo,CV,1597935147,20,55,-24.98,16.89,303.15,8.7
499,Chandla,IN,1597935147,19,83,80.2,25.08,300.85,5.24
500,Zeya,RU,1597935147,31,85,127.27,53.75,284.41,0.23
501,Mt. Pleasant,US,1597935148,40,78,-79.86,32.79,302.04,2.59
502,Marystown,CA,1597935148,59,100,-55.15,47.17,294.26,1.34
503,Pathein,MM,1597935148,97,91,94.73,16.78,298.18,1.53
504,Amos,CA,1597935148,75,82,-78.12,48.57,288.15,3.1
505,Bilibino,RU,1597935148,100,92,166.44,68.05,279.97,0.25
506,Culebra,PR,1597935148,20,59,-65.3,18.3,305.15,5.1
507,Mayo,US,1597935148,1,78,-76.51,38.89,298.71,2.1
508,Vila,PT,1597935148,9,66,-8.16,42.03,298.15,5.81
509,Matagami,CA,1597934852,46,59,-77.63,49.75,290.87,3.31
510,Acaraú,BR,1597935149,42,48,-40.12,-2.89,304.64,8.27
511,Haimen,CN,1597935149,20,88,116.61,23.19,300.15,1.0
512,Tingo María,PE,1597935149,90,82,-76.01,-9.29,290.15,1.5
513,Lakselv,NO,1597935149,75,71,24.97,70.05,286.15,5.1
514,Pudozh,RU,1597935149,21,52,36.53,61.81,292.86,2.12
515,Diego de Almagro,CL,1597935149,0,24,-70.05,-26.37,291.62,2.22
516,Bonavista,CA,1597935149,53,84,-53.11,48.65,292.04,1.34
517,Sinnamary,GF,1597935149,7,62,-52.95,5.38,303.64,4.74
518,Okato,NZ,1597935149,100,87,173.88,-39.2,285.37,5.81
519,Roberval,CA,1597935149,75,63,-72.23,48.52,290.15,3.1
520,Hutchinson,US,1597935150,1,73,-97.93,38.06,297.04,3.1
521,Tortolì,IT,1597935150,20,55,9.66,39.93,306.15,3.6
522,Henties Bay,NA,1597935150,0,41,14.28,-22.12,294.26,9.08
523,Manzanillo,CU,1597935150,76,63,-77.12,20.34,303.77,0.83
524,Vestmannaeyjar,IS,1597935150,40,81,-20.27,63.44,283.15,4.1
525,Nome,US,1597935150,90,93,-165.41,64.5,282.04,2.6
526,Ancud,CL,1597935150,90,100,-73.82,-41.87,282.59,2.6
527,Grand-Lahou,CI,1597935150,63,76,-5.02,5.14,299.53,4.86
528,Prince Rupert,CA,1597935112,90,87,-130.32,54.32,289.15,1.5
529,Parabel',RU,1597935151,93,93,81.48,58.7,282.73,4.02
530,Weleri,ID,1597935151,28,76,110.07,-6.97,298.73,1.97
531,Natal,BR,1597934889,40,58,-35.21,-5.79,303.15,7.2
532,Srednekolymsk,RU,1597935151,13,88,153.68,67.45,274.4,2.35
533,Danilovka,RU,1597935151,56,39,44.12,50.36,296.25,3.09
534,Slonim,BY,1597935151,98,80,25.32,53.09,293.45,2.0
535,Gurupi,BR,1597935063,0,16,-49.07,-11.73,310.37,2.64
536,Almeria,ES,1597935151,0,54,-2.33,37.17,305.93,2.6
537,Normandin,CA,1597935151,75,63,-72.53,48.83,290.15,3.1
538,Felanitx,ES,1597935152,13,30,3.15,39.47,309.15,5.7
539,Rockport,US,1597935152,1,74,-97.05,28.02,303.71,1.5
540,Churapcha,RU,1597935152,0,79,132.43,62.0,278.56,2.35
541,Lata,PT,1597935152,100,94,-8.33,40.16,294.82,3.13
542,Solnechnyy,RU,1597935152,0,51,136.63,50.72,287.74,4.88
543,Dingle,PH,1597935152,100,88,122.67,11.0,297.33,1.15
544,Saurimo,AO,1597935152,91,15,20.39,-9.66,306.49,3.47
545,Shimoda,JP,1597935152,0,86,138.95,34.67,297.59,0.89
546,Menuma,JP,1597935152,74,30,139.38,36.22,301.48,1.86
547,Kalininsk,RU,1597935153,1,51,44.48,51.5,292.42,4.58
548,Chumikan,RU,1597935153,2,70,135.31,54.72,286.77,6.66
549,Margate,GB,1597935153,20,44,1.39,51.38,299.15,7.7
550,Miles City,US,1597935153,1,59,-105.84,46.41,292.15,1.63
551,Chala,TZ,1597935153,75,38,31.27,-7.58,298.15,5.1
552,Peleduy,RU,1597935153,100,45,112.74,59.63,289.9,0.08
553,Sørland,NO,1597935153,75,66,12.69,67.67,284.15,4.6
554,At-Bashi,KG,1597935153,93,39,75.81,41.17,287.48,2.23
555,Griffith,US,1597934930,1,56,-87.42,41.53,297.59,1.5
556,Chadiza,ZM,1597935154,75,34,32.44,-14.07,299.13,3.91
557,Bukama,CD,1597935154,24,14,25.85,-9.2,311.07,0.31
558,Sur,OM,1597935154,5,55,59.53,22.57,305.84,2.27
559,Dudinka,RU,1597935154,78,72,86.18,69.41,291.15,6.0
560,Chapais,CA,1597935154,75,72,-74.85,49.78,288.15,4.1
561,Thompson,CA,1597935154,75,82,-97.86,55.74,291.15,2.6
562,Atambua,ID,1597934945,67,77,124.89,-9.11,293.57,1.66
563,Merauke,ID,1597935154,0,68,140.33,-8.47,296.81,5.03
564,Beyneu,KZ,1597935154,9,21,55.2,45.32,303.04,4.3
565,Carupano,VE,1597935155,13,67,-63.26,10.67,303.13,2.97
566,San Antonio,US,1597934920,1,57,-98.49,29.42,302.04,1.5
